1.068 
1.718 
2.856 
3.599 
4.667 
5.363 
6.571 
7.128 
8.219 
8.87 
10.007 
10.704 
11.633 
12.19 
12.492 
12.933 
13.212 
13.606 
13.955 
14.28 
14.628 
14.907 
15.394 
15.696 
15.952 
16.37 
16.648 
17.02 
17.438 
17.786 
18.111 
18.39 
18.947 
19.527 
20.294 
20.317 
20.944 
21.664 
22.267 
22.36 
23.01 
23.661 
24.241 
24.891 
25.565 
26.122 
26.749 
27.399 
28.026 
28.096 
28.56 
29.233 
29.814 
30.464 
31.091 
31.741 
32.322 
33.088 
33.761 
34.435 
35.062 
35.085 
35.805 
36.478 
37.151 
37.755 
38.429 
39.055 
39.102 
39.891 
40.565 
41.238 
41.238 
41.888 
42.631 
43.305 
44.048 
44.628 
45.464 
45.929 
46.23 
46.509 
46.927 
47.345 
47.693 
48.018 
48.529 
49.017 
49.063 
49.481 
49.783 
50.828 
51.269 
51.594 
52.128 
52.407 
53.847 
54.265 
54.613 
54.961 
55.333 
55.681 
56.099 
56.517 
56.587 
56.912 
57.376 
57.84 
58.165 
58.467 
58.63 
58.839 
59.048 
59.257 
59.466 
59.652 
59.861 
60.232 
60.696 
61.114 
61.579 
61.602 
61.95 
62.368 
62.809 
63.251 
63.692 
64.087 
64.528 
64.597 
65.015 
65.457 
65.898 
66.316 
66.78 
67.244 
67.686 
68.08 
68.405 
68.707 
69.265 
69.288 
69.729 
69.938 
70.147 
70.797 
71.053 
71.494 
71.726 
72.028 
72.423 
72.794 
73.026 
73.351 
73.584 
74.048 
74.466 
74.861 
75.279 
75.697 
76.161 
76.625 
77.067 
77.577 
77.995 
78.39 
78.808 
79.249 
79.737 
79.992 
80.433 
80.666 
80.944 
81.409 
81.92 
82.361 
82.616 
82.918 
83.545 
83.963 
84.218 
84.45 
85.379 
85.588 
86.006 
86.889 
87.121 
87.539 
87.794 