0.387 
0.898 
1.293 
3.000 
3.406 
3.847 
5.426 
6.03 
6.448 
8.089 
8.777 
9.171 
19.750
20.34 
20.758 
20.967 
21.199 
21.617 
21.966 
22.291 
22.639 
22.964 
23.312 
23.637 
24.009 
24.38 
24.729 
25.077 
25.379 
25.681 
26.029 
26.377 
26.726 
27.051 
27.399 
27.724 
28.026 
28.351 
28.653 
29.024 
29.326 
29.675 
29.837 
30.0 
30.139 
30.65 
31.486 
32.298 
32.693 
33.088 
33.413 
33.738 
34.063 
34.435 
34.829 
35.178 
35.526 
35.805 
36.199 
36.478 
36.803 
37.151 
37.453 
37.778 
38.127 
38.429 
38.777 
39.102 
39.427 
39.752 
40.1 
40.425 
40.751 
41.076 
41.377 
41.726 
42.051 
42.399 
42.747 
43.281 
43.699 
44.025 
44.35 
44.698 
45.255 
45.929 
46.3 
46.579 
46.927 
47.299 
47.74 
48.181 
48.599 
48.994 
49.481 
49.853 
50.317 
50.758 
50.967 
53.011 
55.449 
55.797 
56.331 
56.772 
57.097 
57.446 
57.748 
58.096 
58.421 
58.723 
58.978 
59.326 
59.628 
59.953 
60.232 
60.58 
60.905 
61.254 
61.602 
61.927 
62.206 
62.531 
62.879 
63.227 
63.529 
63.854 
64.179 
64.551 
64.853 
65.201 
65.48 
65.828 
66.107 
66.455 
66.827 
67.152 
67.453 
67.802 
68.08 
68.452 
68.8 
69.079 
69.404 
69.799 
70.124 
70.426 
70.797 
71.145 
71.447 
71.749 
72.051 
72.423 
72.724 
73.073 
73.398 
73.816 
74.141 
74.489 
74.861 
75.209 
75.557 
75.906 
76.277 
76.625 
76.95 
77.299 
77.647 
77.972 
78.367 
78.924 
79.481 
79.83 
80.317 
80.619 
80.828 
81.246 
81.548 
81.803 
81.989 
82.152 
82.314 
84.056 
84.497
84.650 
84.885 