1001
0110
1001
1000
0010
1001
0010
0100
0110
1001
0101
1001
0110
1000
0100
0001
0100
0010
0001
1000
0100
0001
1000
0100
0001
0100
0010
0001
1000
0100
0001
1000
0100
0001
0100
0010
0001
1000
0100
0001
1000
0100
0001
0100
0010
0001
1000
0100
0001
0110
0001
0100
0001
0100
0010
0001
1000
0100
0001
1000
0100
0001
0100
0010
0001
1000
0100
0001
1000
0100
0001
0100
0010
0001
1000
0100
0001
1000
0100
0001
0100
0010
0001
1000
0100
0001
1000
0100
0001
0100
0010
0001
1000
0100
0001
0110
0001
1000
0000
0100
0001
0100
0010
0001
1000
0100
0001
0000
1000
0100
0001
0100
0010
0001
1000
0100
0001
1000
0100
0001
0100
0010
0001
1000
0100
0001
1000
0100
0001
0100
0010
0001
1000
0100
0001
1000
0100
0001
0100
0010
0001
1000
0100
0001
1000
0100
0001
0100
0010
0001
1000
0100
0001
1000
0100
0001
0100
0010
0001
1000
0100
0001
1000
0100
0001
0100
0010
0001
1000
0100
0001
1010
0101
1010
0100
1000
0100
0001
0100
0010
0001
1000
0100
0001
1111