0110
0101
0010
1010
0101
0001
0101
1010
0110
1001
0110
1100
0001
0101
0010
1000
1000
0110
0110
0100
0001
1000
0010
0100
0110
0001
1000
0101
0010
0110
1100
1001
0100
1011
0001
0100
0001
0010
1000
0100
0100
0011
1000
0001
1000
0001
0110
0100
0001
1000
0100
0101
0010
0100
0010
0001
1010
0101
1000
1010
0101
1001
0110
0100
0001
0100
0110
0101
0010
1010
0101
0001
0101
1010
0110
1001
0110
1100
0001
0101
0010
1000
0110
0101
0010
1010
0101
0001
0101
1010
0110
1001
0110
1100
0001
0101
0010
1000
0110
0101
0010
1010
0101
0001
0101
1010
0110
1001
0110
1100
0001
0101
0010
1000
1011
0001
0100
0001
0010
1000
0100
0100
0011
1000
0001
0100
0010
0010
1000
0100
0100
0011
1000
0001
0010
1000
0100
0100
0011
1000
0001
0010
1000
0100
0100
0011
1000
0001
0010
1100
0011
1000
0001
1100
1001
0000
0111
1000
1110
1000
0001
0010
1100
0011
1000
0001
1100
1001
1000
0001
0010
1100
0011
1000
0001
1100
1001
0001
0100
0001
0010
1000
0100
0100
0011
1000
0001
0100
0010